1.134906
